[gd_scene load_steps=9 format=2]

[ext_resource path="res://addons/godot-xr-tools/objects/Object_climbable.gd" type="Script" id=1]
[ext_resource path="res://addons/zylann.treegen/demo/materials/bark/trunk_material.tres" type="Material" id=2]

[sub_resource type="CylinderMesh" id=1]
top_radius = 0.1
bottom_radius = 0.5
height = 8.0
radial_segments = 8
rings = 2

[sub_resource type="ConvexPolygonShape" id=2]
points = PoolVector3Array( -0.5, -4, 0, -0.353563, -4, -0.353563, -0.353563, -4, 0.353465, -0.0707713, 4, 0.0706735, -0.100039, 4, 0, -0.0707713, 4, -0.0707713, 0, -4, -0.5, 0, -4, 0.5, 0, 4, 0.0999413, 0, 4, -0.100039, 0.353465, -4, -0.353563, 0.0706735, 4, -0.0707713, 0.353465, -4, 0.353465, 0.0706735, 4, 0.0706735, 0.5, -4, 0, 0.0999413, 4, 0 )

[sub_resource type="CylinderMesh" id=3]
top_radius = 0.05
bottom_radius = 0.2
height = 4.0
radial_segments = 6

[sub_resource type="ConvexPolygonShape" id=4]
points = PoolVector3Array( 0, -2, 0.2, -0.173205, -2, 0.0999608, 0.173205, -2, 0.1, 0, 2, 0.05, -0.173205, -2, -0.1, -0.0693092, 1.19969, 0.0399765, 0.173171, -2, -0.100039, 0.0433013, 2, -0.0250196, 0.0433013, 2, 0.0249804, -0.0433013, 2, 0.0249804, 0, -2, -0.2, -0.0693092, 1.19969, -0.0400157, 0, 1.19969, -0.0800313, 0, 2, -0.05, -0.0433013, 2, -0.0250196 )

[sub_resource type="CylinderMesh" id=5]
top_radius = 0.05
bottom_radius = 0.1
radial_segments = 4
rings = 1

[sub_resource type="ConvexPolygonShape" id=6]
points = PoolVector3Array( -0.1, -1, -1.95727e-05, -1.95727e-05, -1, -0.1, -1.95727e-05, -1, 0.0999804, -1.95727e-05, 0, 0.075, -0.0750196, 0, -1.95727e-05, -1.95727e-05, 0, -0.0750196, 0.075, 0, -1.95727e-05, 0.0999804, -1, -1.95727e-05, -1.95727e-05, 1, 0.0499804, -0.0500196, 1, -1.95727e-05, -1.95727e-05, 1, -0.0500196, 0.0499804, 1, -1.95727e-05 )

[node name="ClimbTree" type="Spatial"]

[node name="Trunk" type="StaticBody" parent="."]
script = ExtResource( 1 )

[node name="MeshInstance" type="MeshInstance" parent="Trunk"]
transform = Transform( 1, 0, 0, 0, 1, 0, 0, 0, 1, 0, 4, 0 )
mesh = SubResource( 1 )
material/0 = ExtResource( 2 )

[node name="CollisionShape" type="CollisionShape" parent="Trunk"]
transform = Transform( 1, 0, 0, 0, 1, 0, 0, 0, 1, 0, 4, 0 )
shape = SubResource( 2 )

[node name="MainBranch1" type="StaticBody" parent="."]
transform = Transform( 1, 0, 0, 0, 0.33282, -0.942991, 0, 0.942991, 0.33282, 0, 3, 0 )
script = ExtResource( 1 )

[node name="MeshInstance" type="MeshInstance" parent="MainBranch1"]
transform = Transform( 1, 0, 0, 0, 1, 0, 0, 0, 1, 0, 2, 0 )
mesh = SubResource( 3 )
material/0 = ExtResource( 2 )

[node name="CollisionShape" type="CollisionShape" parent="MainBranch1"]
transform = Transform( 1, 0, 0, 0, 1, 0, 0, 0, 1, 0, 2, 0 )
shape = SubResource( 4 )

[node name="MainBranch2" type="StaticBody" parent="."]
transform = Transform( -0.5, -0.691739, -0.521054, 0, 0.601662, -0.798751, 0.866025, -0.399376, -0.300831, 0, 5, 0 )
script = ExtResource( 1 )

[node name="MeshInstance" type="MeshInstance" parent="MainBranch2"]
transform = Transform( 1, 0, 0, 0, 1, 0, 0, 0, 1, 0, 2, 0 )
mesh = SubResource( 3 )
material/0 = ExtResource( 2 )

[node name="CollisionShape" type="CollisionShape" parent="MainBranch2"]
transform = Transform( 1, 0, 0, 0, 1, 0, 0, 0, 1, 0, 2, 0 )
shape = SubResource( 4 )

[node name="SideBranch1" type="StaticBody" parent="."]
transform = Transform( 1, 0, 0, 0, 0.71325, 0.700909, 0, -0.700909, 0.71325, 0, 6.54594, 0 )
script = ExtResource( 1 )

[node name="MeshInstance" type="MeshInstance" parent="SideBranch1"]
transform = Transform( 1, 0, 0, 0, 1, 0, 0, 0, 1, 0, 1, 0 )
mesh = SubResource( 5 )
material/0 = ExtResource( 2 )

[node name="CollisionShape" type="CollisionShape" parent="SideBranch1"]
transform = Transform( 1, 0, 0, 0, 1, 0, 0, 0, 1, 0, 1, 0 )
shape = SubResource( 6 )

[node name="SideBranch2" type="StaticBody" parent="."]
transform = Transform( -0.773088, 0.549319, -0.317149, 0, 0.5, 0.866025, 0.634299, 0.669514, -0.386544, -0.0213975, 3.60093, 1.7042 )
script = ExtResource( 1 )

[node name="MeshInstance" type="MeshInstance" parent="SideBranch2"]
transform = Transform( 1, 0, 0, 0, 1, 0, 0, 0, 1, 0, 1, 0 )
mesh = SubResource( 5 )
material/0 = ExtResource( 2 )

[node name="CollisionShape" type="CollisionShape" parent="SideBranch2"]
transform = Transform( 1, 0, 0, 0, 1, 0, 0, 0, 1, 0, 1, 0 )
shape = SubResource( 6 )

[node name="SideBranch3" type="StaticBody" parent="."]
transform = Transform( -0.463141, -0.621205, 0.632143, 0, 0.71325, 0.700909, -0.886284, 0.32462, -0.330336, 0, 7.47478, 0 )
script = ExtResource( 1 )

[node name="MeshInstance" type="MeshInstance" parent="SideBranch3"]
transform = Transform( 1, 0, 0, 0, 1, 0, 0, 0, 1, 0, 1, 0 )
mesh = SubResource( 5 )
material/0 = ExtResource( 2 )

[node name="CollisionShape" type="CollisionShape" parent="SideBranch3"]
transform = Transform( 1, 0, 0, 0, 1, 0, 0, 0, 1, 0, 1, 0 )
shape = SubResource( 6 )
