[gd_scene load_steps=8 format=2]

[ext_resource path="res://addons/zylann.treegen/demo/materials/bark/trunk_material.tres" type="Material" id=1]
[ext_resource path="res://addons/zylann.treegen/demo/materials/leaf/leaves.png" type="Texture" id=2]
[ext_resource path="res://addons/godot-xr-tools/objects/climbable.gd" type="Script" id=3]

[sub_resource type="CylinderShape" id=1]
radius = 0.15
height = 3.0

[sub_resource type="CylinderMesh" id=2]
top_radius = 0.1
bottom_radius = 0.1
height = 3.0
radial_segments = 6
rings = 1

[sub_resource type="QuadMesh" id=3]

[sub_resource type="SpatialMaterial" id=4]
flags_transparent = true
params_cull_mode = 2
albedo_texture = ExtResource( 2 )

[node name="ClimbingVines" type="StaticBody"]
script = ExtResource( 3 )

[node name="CollisionShape" type="CollisionShape" parent="."]
transform = Transform( 1, 0, 0, 0, 1, 0, 0, 0, 1, 0, 1.5, 0 )
shape = SubResource( 1 )

[node name="MeshInstance" type="MeshInstance" parent="."]
transform = Transform( 1, 0, 0, 0, 1, 0, 0, 0, 1, 0, 1.5, 0 )
mesh = SubResource( 2 )
material/0 = ExtResource( 1 )

[node name="Leaf" type="MeshInstance" parent="."]
mesh = SubResource( 3 )
material/0 = SubResource( 4 )

[node name="Leaf2" type="MeshInstance" parent="."]
transform = Transform( 0.5, 0, 0.866025, 0, 1, 0, -0.866025, 0, 0.5, 0, 0.333, 0 )
mesh = SubResource( 3 )
material/0 = SubResource( 4 )

[node name="Leaf3" type="MeshInstance" parent="."]
transform = Transform( -0.5, 0, 0.866025, 0, 1, 0, -0.866025, 0, -0.5, 0, 0.666, 0 )
mesh = SubResource( 3 )
material/0 = SubResource( 4 )

[node name="Leaf4" type="MeshInstance" parent="."]
transform = Transform( 1, 0, 0, 0, 1, 0, 0, 0, 1, 0, 1, 0 )
mesh = SubResource( 3 )
material/0 = SubResource( 4 )

[node name="Leaf5" type="MeshInstance" parent="."]
transform = Transform( 0.5, 0, 0.866025, 0, 1, 0, -0.866025, 0, 0.5, 0, 1.333, 0 )
mesh = SubResource( 3 )
material/0 = SubResource( 4 )

[node name="Leaf6" type="MeshInstance" parent="."]
transform = Transform( -0.5, 0, 0.866025, 0, 1, 0, -0.866025, 0, -0.5, 0, 1.666, 0 )
mesh = SubResource( 3 )
material/0 = SubResource( 4 )

[node name="Leaf7" type="MeshInstance" parent="."]
transform = Transform( 1, 0, 0, 0, 1, 0, 0, 0, 1, 0, 2, 0 )
mesh = SubResource( 3 )
material/0 = SubResource( 4 )

[node name="Leaf8" type="MeshInstance" parent="."]
transform = Transform( 0.5, 0, 0.866025, 0, 1, 0, -0.866025, 0, 0.5, 0, 2.333, 0 )
mesh = SubResource( 3 )
material/0 = SubResource( 4 )

[node name="Leaf9" type="MeshInstance" parent="."]
transform = Transform( -0.5, 0, 0.866025, 0, 1, 0, -0.866025, 0, -0.5, 0, 2.666, 0 )
mesh = SubResource( 3 )
material/0 = SubResource( 4 )
